0 0 0 0 0 0 0 0 0 0 0 0 0 0 0 0 0 0 0 0 0 0 0 0 0 0 0 0 0 0 0 0 0 0 0 0 0 0 0 0 0 0 0 0 0 0 0 0 0 0 0 0 0 0 0 0 0 0 0 0 0 0 0 0 0 0 0 0 0 0 0 0 0 0 0 0 0 0 0 0 0 0 0 0 0 0 0 0 0 0 0 0 0 0 0 0 0 0 0 0 0 0 0 0 0 0 0 0 0 0 0 0 0 0 0 0 0 0 0 0 0 0 0 0 0 0 0 0 0 0 0 0 0 0 0 0 0 0 0 0 0 0 0 0 0 0 0 0 0 0 0 0 0 0 0 0 0 0 0 0 0 0 0 0 0 0 0 0 0 0 0 0 0 0 0 0 0 0 0 0
0 0 0 0 0 0 0 0 0 0 0 0 0 0 0 0 0 0 0 0 0 0 0 0 0 0 0 0 0 0 0 0 0 0 0 0 0 0 0 0 0 0 0 0 0 0 0 0 0 0 0 0 0 0 0 0 0 0 0 0 0 0 0 0 0 0 0 0 0 0 0 0 0 0 0 0 0 0 0 0 0 0 0 0 0 0 0 0 0 0 0 0 0 0 0 0 0 0 0 0 0 0 0 0 0 0 0 0 0 0 0 0 0 0 0 0 0 0 0 0 0 0 0 0 0 0 0 0 0 0 0 0 0 0 0 0 0 0 0 0 0 0 0 0 0 0 0 0 0 0 0 0 0 0 0 0 0 0 0 0 0 0 0 0 0 0 0 0 0 0 0 0 0 0 0 0 0 0 0 0
0 0 0 0 0 0 0 0 0 0 0 0 0 0 0 0 0 0 0 0 0 0 0 0 0 0 0 0 0 0 0 0 0 0 0 0 0 0 0 0 0 0 0 0 0 0 0 0 0 0 0 0 0 0 0 0 0 0 0 0 0 0 0 0 0 0 0 0 0 0 0 0 0 0 0 0 0 0 0 0 0 0 0 0 0 0 0 0 0 0 0 0 0 0 0 0 0 0 0 0 0 0 0 0 0 0 0 0 0 0 0 0 0 0 0 0 0 0 0 0 0 0 0 0 0 0 0 0 0 0 0 0 0 0 0 0 0 0 0 0 0 0 0 0 0 0 0 0 0 0 0 0 0 0 0 0 0 0 0 0 0 0 0 0 0 0 0 0 0 0 0 0 0 0 0 0 0 0 0 0
0 0 0 0 0 0 0 0 0 0 0 0 0 0 0 0 0 0 0 0 0 0 0 0 0 0 0 0 0 0 0 0 0 0 0 0 0 0 0 0 0 0 0 0 0 0 0 0 0 0 0 0 0 0 0 0 0 0 0 0 0 0 0 0 0 0 0 0 0 0 0 0 0 0 0 0 0 0 0 0 0 0 0 0 0 0 0 0 0 0 0 0 0 0 0 0 0 0 0 0 0 0 0 0 0 0 0 0 0 0 0 0 0 0 0 0 0 0 0 0 0 0 0 0 0 0 0 0 0 0 0 0 0 0 0 0 0 0 0 0 0 0 0 0 0 0 0 0 0 0 0 0 0 0 0 0 0 0 0 0 0 0 0 0 0 0 0 0 0 0 0 0 0 0 0 0 0 0 0 0
0 0 0 0 0 0 0 0 0 0 0 0 0 0 0 0 0 0 0 0 0 0 0 0 0 0 0 0 0 0 0 0 0 0 0 0 0 0 0 0 0 0 0 0 0 0 0 0 0 0 0 0 0 0 0 0 0 0 0 0 0 0 0 0 0 0 0 0 0 0 0 0 0 0 0 0 0 0 0 0 0 0 0 0 0 0 0 0 0 0 0 0 0 0 0 0 0 0 8 100 53 94 41 11 6 0 1 0 0 0 0 0 1 12 16 9 7 14 21 16 7 5 14 0 0 0 0 0 0 8 0 0 0 0 0 9 47 57 43 4 0 0 0 0 0 0 0 0 0 0 0 0 0 0 0 0 0 0 0 0 0 0 0 0 0 0 0 0 0 0 0 0 0 0 0 0 0 0 0 0
0 0 0 0 0 0 0 0 0 0 0 0 0 0 0 0 0 0 0 0 0 0 0 0 0 0 0 0 0 0 0 0 0 0 0 0 0 0 0 0 0 0 0 0 0 0 0 0 0 0 0 0 0 0 0 0 0 0 0 0 0 0 0 0 0 0 0 0 0 0 0 0 0 0 0 0 0 0 0 0 0 0 0 0 0 0 0 0 0 0 0 0 0 0 0 157 256 537 428 168 223 144 5 14 21 1 0 0 0 0 0 0 0 0 0 1 0 0 0 2 0 0 0 0 0 0 0 0 10 0 0 0 0 0 0 16 45 80 125 64 123 139 51 14 0 0 0 0 0 0 0 0 0 0 0 0 0 0 0 0 0 0 0 0 0 0 0 0 0 0 0 0 0 0 0 0 0 0 0 0
0 0 0 0 0 0 0 0 0 0 0 0 0 0 0 0 0 0 0 0 0 0 0 0 0 0 0 0 0 0 0 0 0 0 0 0 0 0 0 0 0 0 0 0 0 0 0 0 148 0 0 0 0 0 75 696 0 58 0 0 0 0 0 0 0 0 0 0 0 0 0 0 0 0 0 0 0 0 0 0 0 0 0 0 0 0 0 0 0 0 0 0 0 0 0 0 23 258 229 27 97 140 14 0 0 0 0 0 0 0 0 0 0 0 0 0 0 0 0 0 25 16 15 78 52 0 0 0 0 0 0 1 0 0 8 1 8 60 41 64 170 344 346 193 171 162 65 0 0 0 0 0 0 0 0 0 0 0 0 30 13 0 0 0 4 0 1 0 1 0 0 0 0 0 0 0 0 0 0 0
0 0 0 0 0 0 0 0 0 0 0 0 0 0 0 0 0 0 0 0 0 0 0 0 0 0 0 0 0 0 0 0 0 0 0 0 0 0 0 0 0 0 243 0 0 0 0 0 0 0 0 0 0 0 0 0 0 0 0 0 0 707 0 0 0 0 0 0 0 0 0 0 0 0 0 0 0 0 0 0 0 0 0 0 0 0 0 0 0 0 0 0 0 0 0 0 0 0 0 20 0 0 0 0 0 0 0 0 0 0 0 0 0 0 0 0 0 45 146 140 50 21 15 1 0 0 0 0 0 3 8 21 28 210 371 439 498 533 522 505 436 495 470 492 506 392 306 0 0 0 0 0 0 0 0 0 0 37 136 453 393 273 108 67 103 24 0 0 0 0 0 0 0 0 0 0 0 0 0 0
0 0 0 0 0 0 0 0 0 0 0 0 0 0 0 0 0 0 0 0 0 0 0 0 0 0 0 41 0 0 0 0 0 0 0 0 0 0 0 0 0 0 0 0 0 0 0 947 0 0 0 1762 0 0 0 0 0 0 0 0 0 1493 629 0 0 0 0 0 0 0 0 0 0 0 0 0 0 0 0 0 0 0 0 0 0 0 0 0 0 0 0 0 0 0 0 0 0 0 0 0 0 0 0 0 0 0 0 0 0 0 0 0 0 0 0 6 207 419 137 0 0 0 0 0 3279 6884 1724 1916 1062 1092 257 478 509 539 578 574 579 576 551 523 544 547 543 466 419 694 727 767 691 459 349 423 551 436 215 0 0 0 5 49 394 439 127 64 39 0 0 0 0 0 0 0 0 0 0 0 0 0 0 0
177 18 0 0 0 0 0 0 0 647 62 5681 0 0 705 2753 182 0 305 0 0 0 0 0 0 0 0 69 0 0 0 401 0 0 0 0 0 0 0 0 0 0 0 0 0 0 0 0 0 0 0 0 0 0 0 1062 0 0 0 0 0 0 0 1498 731 0 0 0 0 0 0 0 0 0 0 0 0 0 0 422 0 0 0 0 0 44 2 0 0 0 0 0 0 0 0 0 0 0 0 2263 2816 20932 5875 4457 8647 3669 0 0 0 0 0 0 0 0 0 34 210 344 82 191 4 0 0 4073 12798 12613 4723 11085 10403 10660 2123 431 636 625 614 635 629 599 610 626 660 664 679 679 654 478 359 506 216 209 431 854 854 829 713 390 697 642 570 627 789 520 426 416 426 294 365 497 541 337 12 0 0 0 0 29 0 0 0 93
238 39 0 0 0 0 865 0 540 0 0 0 0 0 464 83 42 132 2 0 0 0 631 4310 0 0 0 218 94 0 0 0 0 0 0 0 0 1976 0 0 0 0 1572 1104 0 947 0 0 0 2276 0 0 0 0 0 0 0 0 0 0 0 0 0 4774 6329 0 0 0 0 0 0 0 0 0 0 0 0 0 0 0 0 0 0 0 0 0 0 0 0 0 0 0 0 0 0 0 10837 42877 66619 112432 16300 16680 10032 7273 27141 34706 422849 7477 1845 1253 0 44 471 59 526 368 519 380 565 731 1417 1715 10575 7863 10843 12634 6715 10888 11301 13285 9758 3213 655 81631 85706 678 679 541 433 388 421 458 466 371 268 235 235 233 234 277 681 741 716 903 969 974 1330 1616 1478 1094 1072 1037 938 893 1023 961 1015 931 974 853 662 707 603 798 1031 1179 1377 630 545 426
668 978 1149 1435 861 32 581 407 4038 1867 103 700 0 178 60 75 216 530 59 1 300 8 796 143 0 466 104 30 0 0 0 0 1782 0 0 0 5 0 0 0 0 0 0 0 0 0 1053 18 0 0 0 0 0 0 0 0 0 2074 138 0 0 0 0 6215 693 0 0 0 0 0 0 0 0 0 0 0 0 0 3078 133 3097 1451 366 0 0 0 0 0 0 0 0 0 0 0 0 108 25861 93823 9682 10430 19514 28057 69501 39529 22773 52613 121426 18770 3917 4630 2003 981 1888 1088 2222 3143 24142 13999 13955 12014 11339 43511 43584 15872 14260 11957 7969 14785 14510 15483 15080 6609 1431 1343 1226 663 382 384 391 391 381 378 389 2177 2562 2722 1896 257 273 3357 1180 566 607 1021 1500 1606 1816 1832 1842 1556 941 1004 1035 1038 1341 1269 1293 1254 1341 899 812 813 817 803 907 963 653 614 660 698
128 313 1649 2008 523 270 664 3889 697 1035 390 723 149 208 128 5651 110571 4218 5 252 1817 20 35 25 0 0 658 432 427 0 0 259 144 0 0 0 0 0 0 0 0 1887 236 0 0 0 0 0 946 0 0 1551 0 0 0 0 0 0 0 0 0 0 0 3164 17862 0 0 0 0 0 67 3129 0 0 0 0 0 228 28655 211815 29311 3341 8975 3331 0 0 0 0 0 0 0 0 0 0 93 45454 45943 13496 14463 35792 169603 84997 261800 187106 38717 32777 23617 17453 5635 171411 386723 14233 8791 6124 6490 8453 36094 31679 28594 29112 49509 38809 25049 24913 26193 19977 17103 16957 16631 16640 16990 17511 10137 1749 1439 731 424 423 424 423 422 424 597 6946 9510 9909 6685 4716 6963 10540 7672 4452 2884 2425 2815 2720 2199 2188 2225 2211 2021 1788 1374 1086 1827 1652 1001 643 930 599 632 698 646 581 638 628 639 609 13027 456
0 0 0 0 1395 0 0 1727 3117 952 224 42 306 12 0 1301 0 1581 1785 506 209 1119 492 439 4 0 0 0 127 0 0 2296 20053 0 306 32 26 11 0 0 0 0 0 3032 355 0 0 0 0 0 0 417 1519 0 0 8141 0 0 0 0 0 0 0 0 211 516 0 0 0 0 0 0 0 0 0 0 0 0 34228 35679 2424 564 0 0 0 0 43740 0 0 0 0 0 32490 206656 87109 350386 31813 103583 186638 88886 232890 314866 270107 259519 158408 109065 48998 57540 32084 34641 64925 25916 18608 15880 26248 24621 74006 49856 10184 26480 71948 72468 65642 70039 69203 53184 42303 40201 35606 32419 43402 35280 14436 1931 1950 1453 475 457 455 456 457 457 455 536 3869 9809 10492 10155 10327 10625 11539 8969 5628 4725 246226 28960 18894 5790 2373 2325 2252 2479 2845 3467 4754 4538 868 1268 1481 560 486 381 365 387 484 810 857 691 509 298
0 0 0 0 0 0 1365 3589 3338 9741 0 0 6 41 42083 305001 3785 2266 6 17 193 1049 32804 1020 171 1351 3 2 611 1334 0 845 3849 563 2022 69 76 35 0 0 0 0 2613 16 0 0 0 0 0 0 693 1909 0 0 1201 627 0 0 0 0 0 0 0 0 0 1180 5073 2204 0 0 0 0 0 0 0 0 0 0 0 0 0 0 0 0 0 0 9819 0 210 22124 0 0 491892 95458 92689 761310 76956 251638 343728 48416 202201 978053 2122635 315918 428436 1556785 117499 310339 43629 55309 79462 69648 66234 180844 46637 248432 46099 37880 23552 59516 61414 56571 74049 72028 68659 71927 70278 73078 100883 47630 50769 44931 28730 4644 4081 2923 3215 2134 486 739 488 488 542 606 1422 11412 12222 11333 9670 5525 4937 4773 11274 14583 99915 32423 16086 7133 2252 1563 1139 1173 1267 2533 2960 5899 4579 1848 386 52 281 807 861 926 1002 1126 455 43 0 0
0 0 0 0 0 0 0 636 854 1909 3071 1776 618 1 14490 23 0 0 0 0 542 426 36358 401 265 321 15 36 4596 40 2043 14076 4937 909 1660 79 1046 1523 1431 877 345 0 873 0 0 0 0 0 0 0 1801 0 0 0 0 3241 201 784 0 0 0 0 0 0 0 0 0 4 0 0 0 0 0 0 0 0 0 0 0 0 0 0 0 0 0 0 20424 5374 55756 1946 0 0 484796 217901 419326 1704727 604895 744010 2023138 1343796 1269 96398 848971 385056 662677 4539852 239661 168201 378368 474909 190981 81324 108740 70554 598208 181726 225637 223604 596718 313520 285015 42189 68164 58655 135645 22991 45229 57012 13100 7075 13503 34263 11167 12884 6582 6043 87944 16243 17345 18469 13685 50425 2386 3442 6286 9495 6614 6131 5698 4710 4323 6377 7809 7048 7417 7100 1689 1037 901 1075 990 431 369 653 685 85720 1342 362 0 2787 1794 971 152 21 0 5 0 0 0 0
0 0 0 0 487 103 0 0 0 37 307 71 127 91 0 0 0 0 0 0 0 78 9476 5826 309 318 0 372 459 35335 9521 23394 2440 504 100530 4750 0 0 1182 1509 930 2864 1819 0 0 0 142 0 0 0 924 500 0 0 0 0 0 0 0 1373 0 0 0 0 0 0 0 0 0 0 0 0 0 0 0 0 0 0 0 0 0 0 0 0 0 22 20272 252344 1665376 36357 0 0 0 1385 1016446 1245702 1453335 732718 177231 56598 266812 653763 1340532 396446 356341 228877 159597 741087 1367583 1688456 1776721 1782630 591401 1067880 447485 314773 1215059 938868 824478 710708 2367082 421535 865418 211743 164915 66548 57537 80864 30173 21035 23128 62846 849575 147103 81244 201120 799911 236149 72054 47488 257345 80881 44051 26716 11747 7007 6921 10318 5079 4685 7548 14831 20349 17086 15440 10955 351 343 334 157 11 0 0 0 0 0 0 43 1180 2466 5497 2420 0 0 0 0 0 0 0 0
0 0 0 0 0 0 3 1196 1258 1165 107 0 0 0 0 0 0 0 0 0 0 0 0 4829 27085 29182 22360 16991 11990 27221 108673 22871 42202 41764 49732 19165 5087 12415 6678 11801 3458 22548 4677 1948 2 0 131 193 0 0 0 1727 0 0 0 0 1416 21 4 1585 1009 0 0 0 0 0 0 0 0 0 0 0 0 0 0 0 0 0 0 0 0 0 0 0 2371 187763 1485809 2835492 2181357 3105231 0 0 0 1379 1762962 1730965 3484756 237545 657327 1737335 1362071 1092443 1351039 701917 813202 797040 633570 461242 18051494 3375326 520134 805149 821277 725927 2477968 883513 1491236 980529 1165132 631491 2003994 180403 470408 103432 334376 156365 1378719 202268 131898 133350 119350 1991577 533379 867409 183955 121714 437864 91011 62470 42329 97631 71590 15910 14904 32616 19650 6195 5971 5728 2459 6095 10629 39133 8078 8109 4859 1023 514 185 1467 230 1878 0 0 0 0 0 487 3702 15461 15057 251 46 539 3 0 0 0 0 0
0 0 62 0 0 18 4450 0 0 0 0 0 0 0 0 0 0 0 0 0 0 0 0 1450 1554 2076 2143 2552 122602 6197 11104 25565 133175 1667763 90421 70359 346478 103217 20134 21455 2147 5421 9620 2020 469 786 0 0 1 1741 7480 305 0 0 0 0 12330 634 1 9587 10 1300 919 0 0 0 0 0 0 0 0 0 0 0 0 0 0 0 0 0 0 0 0 0 16935 1142229 3377856 265881 10182360 14025090 2294677 0 7401190 4705317 6871415 4549479 5307273 2115126 2966387 3200468 4620665 2305510 844197 3058001 812083 1464102 563147 995855 868711 1384839 929747 447438 1025899 525597 1668821 1532208 419368 780669 363650 702457 180809 457832 125333 82479 269186 114889 45848 96550 442318 217964 213952 936241 466294 979260 147095 505451 52616 37617 12868 21053 47490 532867 703954 36750 48159 28203 287780 43426 55094 33141 25083 132446 126824 52628 9574 5974 5450 3856 3852 15685 24648 21123 0 0 0 0 0 16 15964 198588 53 0 0 0 0 0 21 181 0 0
0 331 0 0 0 0 0 0 0 0 0 0 0 0 0 0 0 0 0 0 0 0 0 0 0 72 11502 19823 21198 147294 160550 17781 1219865 526678 95434 23934 50555 315116 78592 53114 39421 103537 5404 6068 5047 500 754 155 66 3748 2491 881 74 3885 27 16 35872 1561 3610 2398 1937 11136 4183 0 0 0 0 0 0 0 0 0 0 0 0 0 0 0 0 0 0 0 0 0 7429 486239 18236 1392744 5541927 16184108 6904593 6847540 14830414 15647322 7213225 3719425 5094750 5180846 4283395 7167907 3890718 2730814 1684172 1416447 1071939 4512149 951335 1111338 2553040 1961979 576521 559105 1065375 811556 216474 357899 173431 696681 751369 478117 70361 24648 25910 44233 65150 1294661 288331 319609 86050 119514 389330 232149 166905 66812 28904 67752 62531 154054 12034 14630 18196 88557 107139 605364 100215 46131 131961 126355 147798 77910 164506 114062 267445 474367 217415 26319 14730 38521 281547 28112 10335 38311 0 0 0 0 0 1209 6553 416 0 0 0 0 0 0 0 0 0 0
0 0 0 0 0 0 0 0 0 0 0 0 0 0 0 0 0 0 0 0 0 0 0 0 0 0 2965 245962 4263962 144906 343537 182767 185679 197864 39430 30529 17113 27861 81358 109144 160779 947295 42025 38062 4510 125384 11018 5685 17358 65370 92115 46923 15281 54981 224151 124252 73842 58043 23 1 26736 45332 68763 31042 0 0 0 0 0 0 0 0 0 0 0 0 0 0 0 0 0 0 0 0 0 0 2248 571681 1105968 2418028 3696651 14252090 1948993 6440650 10818157 7670680 3341564 3151297 6543127 4864171 3932461 3150031 3463818 2048932 1840699 1523276 1861399 2638609 3122679 3112734 627981 291367 1610919 122083 40398 50947 45984 41242 74252 50053 14212 10296 23687 41104 23504 30697 372535 136525 148838 119380 89431 293797 68154 93273 85561 45372 14514 15414 14499 31286 74452 33744 219407 778402 15220 20462 17363 43836 293191 459930 367216 482877 1932297 893809 332803 86077 169270 703520 30224 50780 8951 54644 3410 0 0 0 66 421 0 0 0 0 0 0 0 0 0 0 0 0
0 0 0 0 0 0 0 0 0 0 0 0 0 0 0 0 0 0 0 0 0 0 0 0 0 0 0 31239 4506870 560110 566662 910004 184619 127755 126081 21000 6026 37622 50341 153831 57066 420401 288040 367338 92008 78673 81078 135076 29479 186621 124330 14558 105354 514108 1270748 143297 126425 338821 134711 97439 24315 8090 26522 286360 0 0 0 0 0 0 0 0 0 0 0 0 0 0 0 0 0 0 0 0 0 0 0 126974 1223603 3675236 2390456 1420057 2205601 6722722 6186195 2698071 2298071 3188932 2634145 5064232 2718737 2239132 1753353 3061199 3104072 2067526 2126805 1842795 1731097 2799389 1190177 417728 182548 348886 549500 114852 244897 60864 16255 26259 41636 67354 45142 42948 33863 23171 24363 45071 59092 58708 71641 558078 168248 306862 179978 100950 16329 13634 33150 17570 76961 74742 25106 1051335 71335 28316 26912 8394 8975 41680 283328 3249650 5232556 5922034 1489239 3985870 1102643 136351 37525 10454 11214 287842 0 0 17 870 314 0 0 0 0 0 0 0 0 0 0 0 0 0
0 0 0 0 0 0 0 0 0 0 0 0 0 0 0 0 0 0 0 0 0 0 0 0 0 0 0 36670 3593702 323193 121014 101489 8466 47127 143797 233660 68551 72506 174952 40443 82510 154865 621749 4192350 540433 1136827 350289 450896 93723 248694 1065743 652887 2285095 5321202 556774 520171 269649 295640 563899 40464 1429 0 0 0 0 0 0 0 0 0 0 0 0 0 0 0 0 0 0 0 0 0 0 0 0 0 0 0 0 2208579 2047100 1433154 5815765 3797317 11725064 8734049 3888370 1800403 2134051 3075647 3979417 1773621 3391476 19366010 1475551 12856 925286 1180723 967707 2604150 2174111 1725581 380814 164234 27175 29282 29341 65171 281977 143135 87491 128914 337612 72531 47590 42435 20972 108443 310445 376972 635632 441958 1720698 1601273 236489 36610 8125 5908 7245 9531 15653 16113 12641 15052 27561 15749 17845 78015 146588 450243 937005 2581605 6228062 11577005 3063231 3291129 629931 100338 7689 0 69942 148692 30217 6019 2498 257 0 0 0 0 0 0 0 0 0 0 0 0 0 0
0 0 0 0 0 0 0 0 0 0 0 0 0 0 0 0 0 0 0 0 0 0 0 0 0 0 0 102672 481427 106548 7576 834219 196253 283071 242629 61430 88000 48011 65897 26574 71575 646286 326705 675509 774276 4048583 2951859 2705159 5860661 2147052 9299485 2262073 1004422 2486432 6560829 63821 14776 21816 0 1 4 0 0 0 0 0 0 0 0 0 0 0 0 0 0 0 0 0 0 0 0 0 0 0 0 2208149 934770 1580593 3164102 2292535 2588964 2800652 3632616 2053249 273451 3702000 4193010 797403 959628 1601739 4295542 2669338 2250131 1886305 152718 0 528 17549 0 252536 785674 1649269 2462100 3013677 251242 409761 100289 134416 442352 583351 430876 284566 252457 175312 1922421 1145725 452936 1892226 2747718 522412 1395005 666290 112358 4629741 749016 216577 579112 53938 4081 7908 12484 11336 36024 25019 14043 94739 139283 254216 603218 2548241 2312860 5370092 10758783 4410220 2622636 1522665 736624 16107 0 13703 3177552 1124027 328887 1551 0 0 0 0 0 0 0 0 0 0 0 0 0 0 0 0
0 0 0 0 0 0 0 0 0 0 0 0 0 0 0 0 0 0 0 0 0 0 0 0 0 0 0 153299 305969 71851 6637 27751 50882 590279 2381593 103237 67457 1100229 130029 81143 243678 1106780 664163 973382 1118249 3422238 6651316 2126794 3114428 5158934 2206729 2437640 13314734 15755159 2086487 14585 0 0 0 0 0 0 0 0 0 0 0 0 0 0 0 0 0 0 0 0 0 0 0 0 0 0 0 0 0 4081837 1069565 1814806 7927991 1429973 2867492 5607952 6054 0 863402 4 5154455 6902367 3001151 2595068 2098756 2518737 1007308 2137428 20928354 2661020 2657856 1414571 2162067 1078730 1027678 1063583 4602757 2793814 4145722 313873 71173 218628 666447 1045386 2085861 1410900 719467 1887245 7354600 8639274 5040921 254992 155649 458382 1403017 1025504 212931 728124 26405 0 2266 254832 173037 123416 11747 12267 16360 1078294 2796171 4872738 4253196 4678936 11411111 5921023 7030536 20813361 4778337 3041590 2782241 330 0 0 0 10382 1970970 639 0 0 0 0 0 0 0 0 0 0 0 0 0 0 0 0 0 0
0 0 0 0 0 0 0 0 0 0 0 0 0 0 0 0 0 0 0 0 0 0 0 0 0 0 0 3 1351747 3785428 772327 7384 12632 38755 105982 222768 298648 4129724 51333 40841 133023 447695 2780209 745807 2906154 1163057 2523101 5432611 2281656 1002293 1384008 10812825 4974785 0 0 0 0 0 0 0 0 0 0 0 0 0 0 0 0 0 0 0 0 0 5132 37746 56973 0 0 0 0 0 0 0 0 4245893 1134529 874757 1242582 6147995 378165 1118310 73543 0 955812 0 1151420 1005456 1452275 264487 1131445 2656360 71451 6190749 2074676 1829329 5401178 2626166 954568 1691161 1645791 2021175 2242161 2937419 2544770 0 42827 297299 567893 547325 821859 1000477 2965779 5287056 4574474 769628 223320 1085933 3381543 332281 51756 1033 56404 16464 29856 20972 14094 81516 88587 980387 1155799 849129 231420 4590227 1702782 3295980 5902757 21595967 48715717 7815277 5520817 2237215 9736370 5934683 233418 0 0 0 0 416948 4786627 4293 0 0 0 0 0 0 0 0 0 0 0 0 0 0 0 0 0 0
0 0 0 0 0 0 0 0 0 0 0 0 0 0 0 0 0 0 0 0 0 0 0 0 0 0 0 0 4065071 4573619 1747126 32176 2612686 302081 54830 196780 154257 109132 35533 176788 105966 1062076 1857017 1071900 524787 917273 2512896 1467361 1519038 1657648 2126272 3473909 126754 0 0 0 0 0 0 0 0 0 0 0 0 0 0 0 0 0 0 0 0 0 0 0 0 151300 0 0 0 0 0 0 0 387616 2189287 4865470 2129722 1454919 2128629 9462133 4623611 5494083 2128024 3924443 994733 2399201 4069 0 272096 2590095 159428 1117921 2214100 2412395 1875852 3699385 10999349 3942970 3850227 6657112 4636215 2574389 3487672 2468009 2386166 2006729 952233 4533393 1334673 963542 1285971 3200654 5080748 1467300 418983 244212 534778 1502648 763247 62925 12753 2560 71 17429 12190 303675 176828 167971 3372912 5866077 2907427 2314156 2344196 7669022 14031305 29926612 26696358 17567124 14750893 2093350 338083 33789840 2402749 5917 20180 1629 3207662 9417618 4027134 0 0 0 0 0 0 0 0 0 0 0 0 0 0 0 0 0 0 0
0 0 0 0 0 0 0 0 0 0 0 0 0 0 0 0 0 0 0 0 0 0 0 0 0 0 0 0 0 539221 7680416 3389761 427111 241514 265152 133214 1224519 123243 142392 403559 348756 1882586 793747 1254670 893166 1913214 2209282 3584360 3208494 4816209 3771725 1453708 20880 0 0 0 0 0 0 0 0 0 0 0 0 0 0 0 0 0 0 0 0 0 0 0 0 0 0 0 0 0 0 0 0 0 2517452 6534344 2031158 5366457 4060391 2617026 3240267 2404777 2288856 3003942 6468 409336 0 0 0 54712 577095 26420 0 0 1296168 2644610 7589914 1132568 1537510 2836619 4721388 3032282 2882683 16799611 624358 199883 252155 1397368 1498788 2367205 1292025 1260943 7551085 11354709 15636404 5454660 279381 20468 6441 1230 0 0 0 0 7433 55699 40346 91161 500052 3737690 6859226 7545019 20387649 11940963 31161424 29100518 28860903 19681058 1162278 0 7591 4859585 10787387 1091028 6066014 21416029 14061950 35687471 4737105 0 0 0 0 0 0 0 0 0 0 0 0 0 0 0 0 0 0 0
0 0 0 0 0 0 0 0 0 0 0 0 0 0 0 0 0 0 0 0 0 0 0 0 0 0 0 0 0 3 3855717 11666236 1821802 2808574 3821282 97940 278344 195432 276457 452719 456579 8476212 1163534 928346 879444 627198 2086232 5387348 2072415 2134682 836872 1042 0 0 0 0 0 66846 0 0 0 0 0 0 0 0 0 0 0 0 0 0 0 0 0 0 0 0 0 0 0 268703 0 0 0 2250582 10257769 2898387 260094 384130 278787 671068 731379 894282 342968 1119204 2734498 274699 0 276 442083 94266 178 0 0 0 0 17915115 8863835 43117 93245 2656921 14679844 2044825 2527498 3331087 1643351 375745 77814 397232 451161 765193 1093288 1143360 3336081 13650695 26657282 25147371 1683140 79683 21652 13009 14421 14026 9214 36168 75076 142956 364926 199051 270912 322930 3167949 4840005 4601310 7521177 20049234 25214975 20801044 27528880 11477392 0 0 576147 1193645 9643205 1991950 523245 22883 9614 0 0 0 0 0 0 0 0 0 0 0 0 0 0 0 0 0 0 0 0
0 0 0 0 0 0 0 0 0 0 0 0 0 0 0 0 0 0 0 0 0 0 0 0 0 0 0 0 0 0 0 491788 112413 234756 664164 217356 2480979 10300 276234 146085 340749 3432127 2131717 1163327 1868111 1526863 1196493 1317184 888640 1829553 0 0 0 0 0 0 0 0 0 0 0 0 0 0 0 0 0 0 0 0 0 0 0 0 0 0 0 0 0 0 0 0 0 0 0 4053023 2853600 829366 181581 153501 82418 75034 174464 14948 12225 80119 320093 456423 54727 33961 875577 170607 79452 306176 3984107 52306156 3048777 10058008 852436 243540 221179 678364 3386403 6073068 3509325 1635768 1460367 874729 537610 500405 529898 277209 1551672 2310023 1083151 15124665 37595245 37999901 20379687 3793825 152518 24735 26163 35726 52247 194410 239204 225213 326436 322981 440143 9996912 25450032 17039038 7604793 6109133 14698102 21724675 18307759 21134460 74449376 731525 0 0 17478 2038612 0 0 0 2 0 0 0 0 0 0 0 0 0 0 0 0 0 0 0 0 0 0 0 0
0 0 0 0 0 0 0 0 0 0 0 0 0 0 0 0 0 0 0 0 0 0 0 0 0 0 0 0 0 0 117 0 5043 5591 1054997 85245 1268742 423131 11755 560275 2725158 657724 6216466 126055 859562 43768 0 23935 2881750 4897833 0 0 0 0 0 0 0 0 0 0 0 0 0 0 0 0 0 0 0 0 0 0 0 0 0 0 0 0 0 0 255 1188983 718682 235656 282867 465375 52067 11102 16057 128504 93535 33925 15366 5519 17584 62335 127579 64348 48757 55676 48161 73121 66128 15625 47364 16318425 451538 425526 437309 194338 304786 149676 160365 2458717 1559263 1244173 2745627 806146 988466 713625 447156 115908 338581 1638827 5610812 16410470 8878750 11777605 64915917 34636685 11492415 2873928 895698 194599 477769 808583 215597 410496 128484 282336 379061 6676882 17922116 16033862 6327081 9031941 20751878 14811510 13268481 10928526 24983410 517080 0 0 68965 1679 0 0 0 0 2 0 0 0 0 0 0 0 0 0 0 0 0 0 0 0 0 0 0 0
0 0 0 0 0 0 0 0 0 0 0 0 0 0 0 0 0 0 0 0 0 0 0 0 0 0 0 0 0 0 0 0 22906 48872 332687 1056061 218667 295906 45918 710553 2703467 891451 0 0 0 0 0 0 2621772 5702406 48521 27771 0 0 0 0 0 0 0 0 0 0 0 0 0 0 0 0 0 0 0 0 0 0 0 0 0 0 0 0 5563 7716 392687 267835 48023 9575 43821 30015 39045 128641 92181 25567 5785 11945 21409 38913 85649 174290 27590 25001 27195 27193 13355 28142 5589 11050970 2257367 80714 240373 107299 334424 600903 577730 194705 2726986 3151009 915879 777273 1148568 430013 516190 542315 386573 4501307 12057838 1563583 7748144 17380637 24772103 35290188 44794367 42933973 51306441 25119268 17692860 11929673 10027020 8550664 412776 1264485 3538169 7203864 12404001 12771416 6093830 14034808 18920523 10637818 5993549 9378955 7173086 0 0 1284219 96000 0 0 0 0 0 16 1386 0 0 0 0 0 0 0 0 0 0 0 0 0 0 0 0 0 0
0 0 0 0 0 0 0 0 0 0 0 0 0 0 0 0 0 0 0 0 0 0 0 0 0 0 0 0 0 0 0 0 0 9433 380347 998677 1336042 859362 1902176 10872918 618614 868364 0 0 0 0 0 0 20 3095808 4749 308348 2046 0 0 0 0 0 0 0 0 0 0 0 0 0 0 0 0 0 0 0 0 0 0 0 0 0 0 0 0 0 2274 892 1835 1834 3721 14046 11543 11507 12850 9993 3637 8877 15170 28969 24532 15419 15419 11650 6309 6309 3154 0 102956 103998 5555859 21027 175576 1190458 549419 866331 2953117 5593152 220262 6989000 95566 6504171 1275235 80343 506896 314684 162552 17929956 12146434 5517288 11281215 12139359 9949537 13185087 23302209 36912881 53672880 46057490 51268120 34510595 12741495 2373527 2207286 4868042 5684304 12595689 6875310 3518891 6628878 8265093 8854762 10668358 9938300 20120888 15873694 7737 103641 6405 0 2204 0 0 0 0 1570 0 0 0 0 0 73 0 0 0 0 0 0 0 0 0 0 0 0 0
0 0 0 0 0 0 0 0 0 0 33604 0 0 0 0 0 0 0 0 0 0 0 0 0 0 0 0 0 0 0 0 0 0 0 23561 509649 587747 576270 1675139 2018218 1153278 913132 0 0 0 0 0 69094 3271183 1523511 792101 12154 12700 738 0 0 0 0 0 0 0 0 0 0 0 0 0 0 0 0 0 0 0 0 0 0 0 0 0 0 0 3523 132926 52256 1290 1404 3102 9719 10118 11487 10440 6296 51705 18770 7767 12683 7628 13516 13681 11587 6408 6408 3222 49 46 16957 165334 19128 4435 1675055 806224 345306 172877 361390 233843 234437 1062899 908680 1068961 1435925 0 0 0 50857 2334129 9154344 29547814 18730098 14418752 11195098 9275405 9386203 15993385 36886445 64746906 64163924 3982684 3636557 2692208 2799397 2664145 5214281 5065901 5674348 14639968 14493975 58146891 30464311 16880533 90889 8082421 0 0 0 0 0 0 0 0 0 0 0 0 0 0 0 0 0 0 0 0 0 0 0 0 0 0 0 0 0
0 0 0 0 0 0 0 0 0 194 362925 903371 29604 0 0 0 0 0 0 0 0 0 0 0 0 0 0 0 0 0 0 0 0 0 0 0 3690 1869299 9780129 9368107 5053772 1958271 0 0 143064 2205943 1461144 23998 79096 43926 924919 2670690 1426260 89535 8236 0 0 0 0 0 0 0 0 0 0 0 0 0 0 0 0 0 0 0 0 0 0 0 0 0 0 157675 18919 40511 2325 2472 4744 8839 9977 9058 11804 9665 48116 47148 15513 10192 3063 6749 15099 11428 16515 8829 14476 22357 22277 22006 123903 136926 76119 5331463 1723198 232981 109341 60345 178233 178788 178788 147355 92318 145701 0 0 0 0 877796 7598857 20296130 16563093 12711488 13150099 14054451 12680778 12639280 14974458 2363523 1589917 3693131 5038002 4687447 1375211 1861778 1830141 16684830 13443430 4922051 13905189 677404 813 0 0 34887 411 0 0 0 0 0 0 0 0 0 0 0 0 0 0 0 0 0 0 0 0 0 0 0 0 0 0 0 0
0 0 0 0 0 0 0 0 0 0 0 3994 197997 0 0 0 0 0 0 0 0 0 0 0 0 0 0 0 0 0 0 0 0 0 0 0 0 539444 2728076 3834619 34932514 7877031 1474646 1475717 767750 549556 8962 0 0 74629 166435 1994119 878603 13004110 7641873 5580185 2805110 783406 92758 0 0 0 0 0 0 0 0 0 0 0 0 0 0 0 0 0 0 0 0 0 0 277357 1032345 53252 29222 2612 6096 9754 15908 49981 84850 33417 38986 93685 20952 13691 3102 6041 22126 30482 39987 37824 62119 78128 125720 297373 322399 244150 1451073 29427 1043235 1541316 105959 417760 91301 61768 79066 33967 71044 0 0 0 0 0 0 0 40495111 15948275 15750931 12244453 3463778 10698725 7350848 261479 0 0 366435 3249265 2236629 3600043 1845286 2018502 6583131 303292 4623846 4280358 0 0 0 0 1188279 83545 0 0 0 0 0 0 0 0 0 0 0 0 0 0 0 0 0 0 0 0 0 0 0 0 0 0 0 0
0 0 0 0 0 0 0 0 0 0 0 0 0 0 0 0 0 0 0 0 0 0 0 0 0 0 0 0 0 0 0 0 0 0 0 0 0 0 120787 460862 3052264 2620121 1610282 5135625 1352197 826276 86788 6859 184 0 0 738028 31 0 33110 0 159224 55623 86576 490741 0 0 0 0 0 0 0 0 0 0 0 0 0 0 0 0 0 148089 42107 0 0 267697 891936 660601 329988 175579 126994 82118 552693 441504 213848 25460 162006 221934 248252 78451 38955 53341 41871 107611 62899 234811 72137 85464 135518 748182 2339313 668989 1410855 748238 47982 4421939 898054 92999 241112 39805 188732 120694 362 0 0 0 0 0 0 0 3349313 18565158 13468863 22100835 17996772 7664367 0 0 0 0 0 6276077 10947172 3008369 3338139 6062298 3012670 2858230 1037906 0 442 0 0 334091 8149211 186023 0 0 0 0 0 0 0 0 0 0 0 0 0 0 0 0 0 0 0 0 0 0 0 0 0 0 0 0
0 0 0 0 0 0 0 0 0 0 0 0 0 0 0 0 0 0 0 0 0 0 0 0 0 0 0 0 0 0 0 0 0 0 0 0 0 0 0 0 0 310858 11329 2053651 14185888 5607160 5156281 668601 197174 84 172 0 0 0 0 0 0 0 1062 572193 0 0 0 0 0 0 0 0 0 0 0 0 0 0 0 0 0 43478 312714 0 0 8468815 2503465 1329010 1380744 956161 676305 1489026 1514306 957470 1404775 857867 2862145 2605488 1496244 224992 256391 310523 151627 270882 839394 718192 361708 261168 278188 656120 9375890 1511052 1998912 4130975 266192 7880677 7790676 693548 1128937 148670 6721 0 0 0 0 0 0 0 0 0 1299496 12312584 12987705 10020619 2401269 0 0 0 0 0 2174 303968 361302 2082342 8118986 5540104 4878197 1553585 3843732 30 0 0 0 243159 38429693 775468 23625 0 0 0 0 0 0 0 0 0 41990 0 0 0 0 0 0 0 0 0 0 0 0 0 0 0 0 0
0 0 0 0 0 0 0 0 0 0 0 0 0 0 0 0 0 0 0 0 0 0 0 0 0 0 0 0 0 0 0 0 0 0 0 0 0 0 0 0 0 0 0 0 228728 5924399 4633104 1961838 131279 108095 0 0 0 17035 212336 258287 0 0 0 342833 289431 0 0 0 0 0 0 0 0 0 0 0 0 0 0 0 0 0 0 0 0 2853274 3366817 1171712 685100 2687998 6164357 3479057 3607676 8431330 2140525 4594908 8169388 10882098 14287678 3804648 2563208 3605820 797547 585160 1262946 1846114 3002986 847694 1210999 1838192 3009080 1664393 3758836 5518233 539487 2431731 6532857 194941 211 0 43422 26171 0 0 0 0 0 0 0 0 0 8935317 29028745 21898147 11976334 0 0 0 0 0 186433 246 9260 2886652 24578615 5668537 3200004 2344531 5590834 0 0 0 0 26507 4927721 6200092 1883976 0 0 0 0 0 0 0 0 0 165479 0 0 0 0 0 0 0 0 0 0 0 0 0 0 0 0 0
0 0 0 0 0 0 0 0 0 0 0 0 0 0 0 0 0 0 0 0 0 0 0 0 0 0 0 0 0 0 0 0 0 0 0 0 0 0 0 0 0 0 0 0 0 0 596036 2057787 407652 0 0 0 5694017 3090534 4035937 3575587 8355577 1245479 1267169 1402846 0 0 0 0 0 0 0 0 0 0 0 0 0 0 0 0 0 0 0 0 0 36450 1556046 2545807 1189030 2259863 1916192 4284818 2861515 4085214 3298834 2532414 4402641 9809370 15154291 7829879 6542992 4214933 714047 485351 376668 984905 2823165 1365726 471531 471768 695023 1127275 7375539 8732300 1382154 1606710 188821 148530 434071 148874 0 0 0 0 0 0 0 0 0 0 57081 6312036 28384221 25786265 0 0 0 0 0 0 187307 0 10261 1080907 0 541932 16238075 26360449 2367017 0 0 0 0 457497 466852 12108152 4720378 14460 0 0 0 0 0 588 0 0 0 0 0 0 0 0 0 0 0 550 27 281 804 304 0 0 0 0
0 0 0 0 0 0 0 0 0 0 0 0 0 0 0 0 0 0 0 0 0 0 0 0 0 0 0 0 0 0 0 0 0 0 0 0 0 0 0 0 0 0 0 0 0 0 0 1903239 1693913 775332 2387647 872836 4413518 2020543 2689613 2399513 1154494 1165798 2053682 343011 14805 0 0 0 0 0 0 0 0 0 0 0 0 0 0 0 0 0 0 0 0 0 119 6462745 2622293 1330514 1211717 1961775 1294339 2193827 3497297 3816866 6445290 9661019 8454213 4233678 4594357 2954281 2599615 693761 75803 186964 277857 1081747 1404080 1149793 1119678 4687835 7226860 13303513 6531722 3879208 1273370 373749 326355 31012 0 0 0 0 0 0 0 0 0 0 11037 0 23038455 6537797 2398298 0 0 0 0 0 21707 0 3418 3274305 350552 3031 5257246 1684658 142 0 0 0 356201 431408 9593 4745633 6360511 748547 0 0 0 475 1 7924 402 0 168 117 670 2207 622 0 0 0 0 0 315 12440 536 1768 0 0 0 0
0 0 0 0 0 0 0 0 0 0 0 0 0 0 0 0 0 0 0 0 0 0 0 0 0 0 0 0 0 0 0 0 0 0 0 0 0 0 0 0 0 0 0 0 0 0 0 0 29 235540 5789 878247 6819972 4358869 781422 204106 392710 123813 357943 190257 473732 156604 0 0 0 0 0 0 0 0 0 0 0 0 0 0 0 0 0 0 0 0 0 266735 3973180 2419375 4914178 4670733 4350348 9414488 9932717 29738741 18556915 18234879 8982882 2934234 967434 1052555 845402 371905 133562 57391 16990 309071 928530 1010740 703266 2100570 11605053 14140172 1759080 882313 516102 609712 202386 0 0 0 0 0 0 0 0 0 0 0 90118 0 0 5004827 13447856 0 0 0 0 0 10988 190 0 2110564 4902314 899671 0 0 0 0 0 9690 961521 20218 421780 3189090 11665501 1111722 0 0 0 27540 0 0 0 1222 614 769 5481 32930 783 2 279 37228 151 0 0 0 3912 33283 192 0 0 0
0 0 0 0 0 0 0 0 0 3618 0 0 0 0 0 0 0 0 0 0 0 0 0 0 0 0 0 0 0 0 0 0 0 0 0 0 0 0 0 0 0 0 0 0 0 0 0 0 0 54 0 1045109 17063872 3469926 218960 47132 151763 24723 63306 91983 38859 75468 600551 264631 769 0 0 0 0 0 0 0 0 0 0 0 0 0 0 0 0 0 0 0 49221 402840 2615347 5320144 3737778 10580560 684134 0 4053393 29860713 8074528 3398294 610212 744182 468397 1953538 983079 333787 203409 280437 716814 1465854 4267183 1243857 2083414 2502106 995234 765402 713230 482722 47954 0 0 0 0 0 0 0 0 0 0 0 318324 0 0 0 396801 0 0 0 0 0 0 988326 2747420 267292 6104241 1991193 0 1660 14863 0 61534 1266816 2314839 1009148 351336 0 410874 109073 0 3 420 0 0 0 0 0 0 0 0 0 5026 0 324 0 0 5703 0 0 1394 0 62 0 0 0
0 0 0 0 0 0 0 0 0 0 1168 2756 0 0 0 0 0 0 0 0 0 0 0 0 0 0 0 0 0 0 0 0 0 0 0 0 0 0 0 0 0 0 0 0 0 0 0 0 0 21 148937 6443258 3334323 500332 124411 81078 33686 17885 12562 485857 34806 5834 29122 25106 52494 0 0 0 0 0 0 0 0 0 0 0 0 0 0 0 0 0 0 0 0 0 0 0 0 0 0 0 0 0 2376768 5722873 520908 340386 677334 2516654 2030595 1131974 641893 997317 1211651 7840964 5114436 1500806 273530 1186718 2797589 1000887 2898445 224705 0 0 0 0 0 0 0 0 0 0 0 0 88319 0 0 0 0 0 0 0 0 0 0 48726 1041169 10942969 11127147 3637820 14296 14911 54350 396948 491475 156725 751014 2529 0 0 153078 48666 94997 7 0 0 0 0 0 0 0 0 0 0 0 121 0 0 0 0 0 0 0 0 10906 0 0 0
0 0 0 0 0 0 0 0 0 0 0 3905 0 0 0 0 0 0 0 0 0 0 0 0 0 0 0 0 0 0 0 0 0 0 0 0 0 0 0 0 0 0 0 0 530 10 0 0 0 16453 1674804 2956558 599539 111932 108884 26984 14130 14287 8570 62044 22734 1462 1817 15228 610382 4034 0 0 0 0 0 0 0 0 0 0 0 0 0 0 0 0 0 0 0 0 0 0 0 0 0 0 0 216387 1282627 706606 154291 174841 515918 985319 1137136 822669 1890833 479631 5573903 8321371 15998941 15460023 2591822 947069 1030224 710177 544577 0 0 0 0 0 0 0 0 0 0 0 0 0 32160 0 0 0 0 0 0 0 0 0 0 0 677944 2543693 5785839 9767989 1842895 48635 1975751 2026002 378417 367666 1035558 149620 917913 1404272 2325856 816557 133191 450 0 105 0 0 0 0 0 0 0 0 0 255 0 0 0 0 0 0 0 0 98047 0 0 0
0 0 0 0 0 0 0 0 0 0 0 0 0 0 0 0 0 0 0 0 0 0 0 0 0 0 0 0 0 0 0 0 0 0 0 0 0 0 0 0 0 0 0 0 24205 10258 0 0 0 1540933 7016384 543311 40477 34232 19163 6558 31344 25992 17119 23118 8990 21541 209439 159576 508263 3366123 1265789 183881 0 0 0 0 0 0 0 0 0 0 0 0 0 0 0 0 0 0 0 0 0 0 0 0 5314 52 339780 186450 756212 245656 598602 1218552 569921 666507 514328 732240 10266985 11409821 1103719 11654046 16137998 1454932 748001 168592 0 0 0 0 0 0 0 0 0 0 0 0 0 0 62032 0 0 0 0 0 0 0 0 0 0 0 0 344021 5495950 3523831 787135 63637 1212694 1057994 897267 885182 2562417 1209623 939733 568324 187338 296167 65346 569415 548161 224664 183335 8952 0 546 940 4660 10955 104 0 0 0 0 0 0 0 10244 283 0 0 9874 2343 0
0 0 0 0 17 0 0 0 0 0 0 0 0 0 0 0 0 0 0 0 0 0 0 0 0 0 0 0 0 0 0 0 0 0 0 0 0 0 0 0 0 0 0 0 0 0 0 0 0 2490648 4222180 114691 31215 474366 113265 99049 72435 103741 46210 1319337 1635736 360966 448646 243613 157402 846816 524061 3235056 907099 1412888 4521046 0 0 3370 0 0 0 0 0 0 0 0 0 0 0 0 0 0 0 0 0 0 0 0 5927 178435 432877 154317 933906 632541 421444 19398 595971 1206822 15740590 8351641 7511992 1916774 3993874 2119034 655421 0 0 0 0 0 0 9 0 0 0 0 0 0 0 0 0 0 0 0 0 0 0 0 0 0 0 0 0 9206 877460 3700473 4855915 946262 87354 501582 584031 4332656 325635 2680178 2225079 360585 22989 293659 1265608 126255 167336 343430 1049490 1458531 739487 408467 9873 50584 899 96302 34821 190 0 0 0 0 0 0 0 0 0 1123 1326 0
0 0 0 0 0 0 0 0 0 0 0 0 0 0 0 0 0 0 0 0 0 0 0 0 0 0 0 0 0 0 0 0 0 0 0 0 0 0 0 0 0 0 0 0 0 0 0 0 0 1768993 1181342 385836 109419 180936 67735 92873 29069 3438 87784 71146 40398 30390 158055 10834 121038 743794 999026 1144113 2175689 861080 1645192 1086979 1777113 0 0 0 0 0 0 0 0 0 0 0 0 0 0 0 0 0 0 0 0 0 0 416840 3321519 10331793 1544381 3347916 3123860 4171757 1010214 2366792 2970420 1676532 2593813 3059646 1593300 4564820 0 0 0 0 0 0 46 104320 0 0 0 0 0 0 0 0 0 0 0 0 0 0 0 0 0 0 0 0 0 0 30 1159714 9390026 501651 1495 58530 247220 77803 17511 4735167 2029237 1691473 13150 51 1010 5682 129796 286572 1128296 819234 329869 1358803 1745271 101839 90032 349954 229287 137649 69 2379 0 0 0 0 0 0 0 0 482 0
0 0 0 0 0 0 0 0 0 0 0 0 0 0 0 0 0 0 0 320 0 0 0 0 0 0 0 0 0 0 0 0 0 0 0 0 0 0 0 0 0 0 0 0 0 0 0 0 0 98728 3074527 1041409 166545 171265 56418 40976 18960 53034 60197 21770 23459 11047 30164 72828 283861 818833 450086 217136 421877 850753 2251800 1755889 5337503 0 0 0 0 0 0 0 0 0 707 0 0 0 0 0 0 0 0 0 0 0 0 0 495723 984841 813065 1287923 3820536 10133295 3460791 3469294 1978989 1346092 166229 1387971 2659280 9149215 0 0 0 0 0 0 14 0 36 0 0 0 0 0 0 0 0 0 0 0 0 0 0 0 0 0 0 0 0 0 0 0 1744842 64461711 25149811 29477011 21854829 1209350 5423 3605 116745 1894 11888 42489 15724 112904 787 78784 4137 314024 212051 695080 1396608 779160 13942 13374 0 164076 57918 6056 0 0 0 0 0 0 0 0 1510 1532
0 0 0 461 856 0 0 0 0 4 53 79 0 0 0 0 0 0 0 4453 3161 0 0 0 0 0 0 0 0 0 0 0 0 0 0 0 0 0 0 0 0 0 0 0 0 0 0 0 0 0 1832014 1391525 565941 97490 96363 74397 448028 44562 743880 29070 73221 89897 67435 3946 220882 271493 57788 126155 290760 939495 707353 3151223 6184462 0 0 0 0 0 0 0 0 0 0 0 0 0 0 0 0 0 0 0 0 0 0 0 17104460 673797 808462 282269 551608 1283217 2039944 2929287 1822200 1373610 3966772 1523524 706008 452576 0 0 0 666 0 18 0 0 0 0 0 0 0 0 0 0 0 0 0 0 0 0 0 0 0 0 0 0 0 0 0 0 0 0 0 2717360 7048981 6593576 4259692 1638112 1634239 913267 2522048 311277 8476 10507 0 0 12836 56806 105401 40157 1702 705259 209905 137310 20867 0 62256 175299 289371 503 0 584 0 0 0 0 0 8688
0 0 0 0 7 0 0 392 0 153 0 0 0 0 0 0 0 0 0 0 631 0 0 0 0 0 0 0 0 0 0 0 0 0 0 0 0 0 0 0 0 0 0 0 0 0 0 0 0 0 4977 5824479 1269141 141788 57600 204936 254858 194368 309349 390321 106871 63542 325106 20334 108244 687365 85644 181125 271914 954146 1412256 2635501 0 0 0 0 0 0 0 0 0 0 0 0 0 0 0 0 0 0 0 0 0 0 0 0 285836 1800231 566938 268491 334154 1050748 1403694 7673464 1868087 750872 1488094 1813595 486609 1943309 451751 461476 0 39 257 33 0 0 262 0 0 0 0 0 0 0 0 0 0 0 0 0 0 0 0 0 0 0 0 0 0 0 2069 0 0 0 0 0 0 497 180870 754878 114936 0 0 2582 771 31 41 0 97 7411 0 3411 59339 70769 29164 6666 0 1376 35806 16462 10721 11649 154 100 0 0 0 21
0 7455 0 55928 135910 0 0 0 0 0 0 0 0 0 0 0 0 0 0 0 0 0 0 0 0 0 0 0 0 0 0 0 0 0 0 0 0 0 0 0 0 0 0 0 0 0 0 0 0 0 0 7986830 1637219 901335 789681 105544 36322 41137 45353 200141 82313 187282 283802 55299 57837 169555 131953 533510 552081 764741 6635445 23012 0 0 0 0 0 0 0 0 0 0 0 0 0 0 0 0 0 0 0 0 0 0 0 0 1163704 2444249 946379 321933 268042 290456 334353 1039275 2754578 664796 5416210 2135676 221966 1249420 857738 363772 338063 11599 1264927 56875 0 0 0 0 0 0 0 0 0 0 0 0 0 0 0 0 0 0 0 0 0 0 553 0 0 0 0 0 0 0 0 0 0 0 0 0 0 3 38 124453 2893 8682 8111 0 5933 1073 0 0 0 0 0 0 0 0 0 0 0 7633 1214 0 0 0 1341 0
3130 1 2598 800 63813 1104 0 0 0 0 0 0 148 0 0 1055 7766 2841 412 523 101 0 0 0 0 0 0 0 0 0 0 0 0 0 0 0 0 0 0 0 0 0 0 0 0 0 0 0 0 0 0 29728 522636 290406 1068843 609788 438019 182187 77596 50754 179105 1180574 305107 171525 134183 2433340 1798409 303899 765254 1120674 949705 0 0 0 0 0 0 0 0 0 0 0 0 0 0 0 0 2992 0 0 0 0 0 0 0 3098 1798703 1311103 397346 68781 74031 537769 366537 943287 4240425 853096 2989658 8851332 2324455 3320397 1423396 0 20107 1005112 1601725 363324 0 0 0 0 0 0 0 0 0 0 0 0 0 0 0 0 0 0 0 0 0 0 0 0 0 0 0 0 0 0 0 0 0 0 0 0 61 639 9268 1056 10674 2475 142 0 1707 165 4351 0 0 0 0 0 0 0 0 0 0 82011 24545 0 0 0 0 0
17094 0 0 0 0 0 0 0 0 0 0 0 396 791 42910 230475 253 2304 1324 189 170 0 0 0 0 0 0 0 0 0 0 0 0 0 0 0 0 0 0 0 0 0 0 0 0 0 0 0 0 0 0 0 57 283206 1537446 2314251 2374089 604643 2490483 87323 37038 116569 342879 187876 663760 4177275 831582 390259 968534 718402 749223 0 0 0 0 0 0 0 0 0 0 0 0 0 0 0 0 57 0 0 0 0 0 0 0 12901 164974 1198740 668957 184912 56363 229075 543047 1325201 1094040 4383823 1439161 3771108 2542637 1121457 23732 2266 436416 1162034 1989440 1259 0 0 0 0 0 0 0 0 0 0 0 0 0 0 0 0 0 0 0 0 0 0 0 0 0 0 0 0 0 0 0 0 0 0 0 18453 1030 332 845 1121 486 225 1403 2759 1922 356 209851 16801 0 0 0 0 0 0 0 0 0 26009 127000 0 0 0 280416 221570
3927 0 10310 5598 0 1390 0 0 73 0 2348 158 0 0 0 0 0 20 393 852 603 612 0 0 0 0 0 0 0 0 0 0 0 0 0 0 0 0 0 0 0 0 0 0 0 0 0 0 0 0 0 0 0 0 283180 192438 471512 1008439 289511 33817 42237 162346 127173 88465 332178 1403938 1255633 3226984 4504910 1625580 210233 0 0 0 0 0 0 0 0 0 0 0 0 0 0 0 0 0 0 0 0 0 0 0 0 22 28421 47429 159963 65171 66021 81037 116623 388699 1390471 1979523 2805156 1615182 237055 0 0 32 937423 7574268 1249096 0 0 0 6221 0 0 44689 0 0 0 0 0 0 0 0 0 0 0 0 0 0 0 0 0 0 0 0 0 0 0 0 0 0 0 8 667 267 3070 2071 306 747 73 3196 157 645 471 808 3153 207736 4387 0 0 0 0 0 0 824 0 0 35236 595 0 0 47510 358145
401 0 86563 0 0 0 0 0 0 0 14124 660 109 0 0 0 0 0 32 70 183 540 463 0 0 0 0 0 0 0 0 0 0 0 0 0 0 0 0 0 0 0 0 0 0 0 0 0 0 0 0 0 0 0 243162 275753 88188 593603 236200 26008 18812 121581 1259264 142658 1722384 3170909 3304308 2653769 3157112 3839739 0 0 0 0 0 0 0 0 0 0 0 0 0 0 0 0 0 0 0 0 0 0 0 0 0 0 439 49967 106492 25977 33715 50727 118259 466396 1283936 1369754 1131385 335954 0 0 0 96656 609199 2742481 697333 0 0 963135 1240075 0 0 0 0 0 0 0 0 0 0 0 0 0 0 0 0 0 0 0 0 0 0 0 0 0 0 0 1 3175 23983 16068 619 229 214 742 86 59 497 1846 582 21067 3563 1116 2070 13132 143037 0 0 0 0 0 0 138 60219 24635 2069 0 0 0 0 0
0 625 0 0 0 0 0 0 0 0 0 0 0 623 2066 2247 727 0 0 0 51 264 973 0 4 0 0 0 0 0 0 0 0 0 0 0 0 0 0 0 0 0 0 0 0 0 0 0 0 0 0 0 0 0 82628 199104 29695 432044 255399 33832 86595 505823 836266 1072852 3172654 2662263 32498169 4258164 15145749 788478 0 0 0 0 0 0 0 0 0 0 0 0 0 0 0 0 0 0 0 0 0 0 0 0 0 0 0 174790 504756 54876 36034 30722 314371 365620 1520917 2297987 153671 843941 0 0 0 582365 827119 2460501 43797 0 0 0 0 0 0 0 0 0 0 0 0 0 0 0 0 0 0 0 0 0 0 0 0 0 0 0 0 0 0 0 330 782 6109 9388 1070 458 133 229 481 1813 27869 989 132 424 268 1365 5986 6675 37307 157800 0 0 0 0 0 0 1 212421 8 4 3 0 0 0
0 0 0 0 0 0 0 0 0 0 0 0 0 0 0 0 0 0 0 0 0 0 0 0 8 73 0 3 0 0 0 0 0 0 0 0 0 0 0 0 0 0 0 0 0 0 0 0 0 0 0 0 0 0 63748 292002 31005 1408154 122860 113973 325248 4275115 2027849 1525156 1342648 4367703 784270 36 0 0 0 0 0 0 0 0 0 0 0 0 0 0 0 0 0 0 0 0 0 0 0 0 0 0 0 0 0 953 34526 19943 9627 45221 1171847 2133116 7544572 2671016 4487892 609634 0 0 0 39971 1389016 736319 0 0 0 0 0 0 0 0 0 0 0 0 0 0 0 0 0 0 0 0 0 0 0 0 0 0 0 0 0 0 0 0 6038 141 247 252 199 196 93 319 724 1319 696 1155 1 133 182 316 2000 1800 7685 33009 188913 0 0 0 0 0 0 0 0 0 0 0 0 0
0 0 0 0 0 0 0 0 0 0 0 0 0 0 0 0 0 436 1 0 0 0 0 0 0 0 0 0 0 0 0 0 0 0 0 6702 0 13 0 0 0 0 0 0 0 0 0 0 0 2773 3936 0 0 0 116451 136659 103177 2059102 158458 463842 1227332 518086 1939115 1859508 1167639 4508058 0 0 0 0 0 0 0 0 0 0 0 0 0 0 0 0 0 0 0 0 0 0 0 0 0 0 0 0 0 0 0 12067 13899 30617 19662 343939 903015 7027430 6938293 2411333 603219 0 0 0 0 0 0 0 0 0 0 0 0 0 0 0 0 0 0 0 0 0 0 0 0 0 0 0 0 0 0 0 0 0 0 0 0 0 0 0 33 1900 444 1015 1565 134 59 513 439 675 1578 305 110 113 139 404 1088 5500 12913 203829 2690775 0 0 0 0 0 0 0 0 0 0 0 0 0
0 0 0 0 0 0 0 0 0 0 0 0 0 0 0 0 0 0 0 0 0 0 0 0 0 0 0 0 0 0 0 0 0 0 0 0 0 0 0 0 0 0 0 0 0 0 0 0 0 0 0 0 0 0 384133 32512 303443 486908 145704 115331 501927 386780 511882 1677258 4417655 1161677 0 0 0 0 0 0 0 0 0 0 0 0 0 0 0 0 0 0 0 0 0 0 0 0 0 0 0 0 0 0 0 0 74653 25316 195854 131229 490871 2180404 1804225 6960480 424920 0 0 0 0 0 0 0 0 0 0 0 0 0 0 0 0 0 0 0 0 0 0 0 0 0 0 0 0 0 0 0 0 0 0 0 0 0 0 0 2 45539 2995 239 1468 1099 50 259 30 81 38 1844 104 109 150 188 1737 4998 17679 58296 556225 0 0 0 0 0 0 2062 0 0 0 0 0 0
0 0 0 0 0 0 0 0 0 0 0 0 0 0 0 0 0 0 0 0 0 0 0 0 0 0 0 0 0 0 0 0 0 0 0 0 0 0 0 0 0 0 0 0 0 0 0 0 0 0 0 0 0 0 583459 660221 105918 2151554 511162 1239096 682563 291267 499940 749860 2148252 0 0 0 0 0 0 0 0 0 0 0 0 0 0 0 0 0 0 0 0 0 0 0 0 0 0 0 0 0 0 0 0 0 7683 109023 18056 49643 158312 890643 2937821 1155372 0 0 0 0 0 0 0 0 0 0 0 0 0 0 0 0 0 0 0 0 0 0 0 0 0 0 0 0 0 0 0 0 0 0 0 0 0 0 0 0 0 889916 138801 6763 34722 202 159 156 120 414 518 147 5645 1209 18774 1046 6492 6231 31011 117333 243801 0 0 360 0 0 0 0 0 0 0 0 0 0
0 0 0 0 0 0 0 0 0 0 0 0 0 0 0 0 0 0 0 0 0 0 0 0 0 0 0 0 0 0 0 0 0 0 0 0 0 0 0 0 0 0 0 0 0 0 0 0 0 591 578 0 0 0 10880952 1583820 242107 501477 575126 2336992 792529 150441 145605 347860 105 0 0 0 0 0 0 0 0 0 0 0 0 0 0 0 0 0 0 0 0 0 0 0 0 0 0 0 0 0 0 0 0 0 61968 3960803 131669 417173 1558676 1453100 444215 0 0 0 0 0 0 0 0 0 0 0 0 0 0 0 0 0 0 0 0 0 0 0 0 0 0 0 0 0 0 0 0 0 0 0 0 0 0 0 0 0 0 809810 105970 6142 15366 821 67 20 0 0 2942 4963 57216 32866 627 1269 2704 18566 213136 4548977 67357 0 0 0 0 0 0 0 0 0 0 0 0 0
0 0 0 0 0 0 0 0 0 0 0 0 0 0 0 0 0 0 0 0 0 0 0 0 0 0 0 0 0 0 0 0 0 0 0 0 0 0 0 0 0 0 0 0 0 0 0 0 0 0 0 0 0 143950 1887723 164777 226335 161002 278935 573386 17054991 2398744 555857 9816 0 0 0 0 0 0 0 0 0 0 0 0 0 0 0 0 0 0 0 0 0 0 0 0 0 0 0 0 0 0 0 0 0 0 0 2288955 128373 339255 109987 0 0 0 0 0 0 0 0 0 0 0 0 0 0 0 0 0 0 0 0 0 0 0 0 0 0 0 0 0 0 0 0 0 0 0 0 0 0 0 0 0 0 0 0 3796 53935 2046 2 8 0 0 0 0 0 19312 21788 1346903 34694 87944 43262 143675 499301 855516 0 0 0 0 0 0 0 0 0 0 53584 88576 0 0
0 0 0 0 0 0 0 0 0 0 0 0 0 0 0 0 0 0 0 0 0 0 0 0 0 0 0 0 0 0 0 0 0 0 0 0 0 0 0 0 0 0 0 0 0 0 0 0 0 0 0 0 0 2184427 350944 95259 34917 156185 179708 270376 357065 691122 0 0 0 0 0 0 0 0 0 0 0 0 0 0 0 0 0 0 0 0 0 260 0 0 0 0 0 0 0 0 0 0 0 0 0 0 0 0 0 0 0 0 0 0 0 0 0 0 0 0 0 0 0 0 0 0 0 0 0 0 0 0 0 0 0 0 0 0 0 0 0 0 0 0 0 0 0 0 0 0 0 0 0 0 0 0 0 0 0 0 0 0 0 0 0 0 67 3442 74526 203208 3728301 207337 58462 12055 0 0 0 0 0 0 0 0 0 0 1666 1898101 183536 2721
0 0 0 0 0 0 0 0 0 0 0 0 0 0 0 0 0 0 0 0 0 0 0 0 0 0 0 0 0 0 0 0 0 0 0 0 0 0 0 0 0 0 0 0 0 0 0 0 0 0 0 0 0 1235747 201685 524024 300755 31771 333301 221354 141388 266021 0 0 0 0 0 0 0 0 0 0 0 0 0 0 0 0 0 0 0 0 0 0 0 0 0 0 0 0 0 0 0 0 0 0 0 0 0 0 0 0 0 0 0 0 0 0 0 0 0 0 0 0 0 0 0 0 0 0 0 0 0 0 0 0 0 0 0 0 0 0 0 0 0 0 0 0 0 0 0 0 0 0 0 0 0 0 0 0 0 0 0 0 0 0 0 0 0 0 17386 86565 916720 121000 138 0 0 0 0 0 0 0 0 0 0 0 7764 227430 272736 28205
0 0 0 0 0 0 0 0 0 0 0 0 0 0 0 0 0 0 0 0 0 0 0 0 0 0 0 0 0 0 0 0 0 0 0 0 0 0 0 0 0 0 0 0 0 0 0 0 0 0 0 0 1716 891041 254585 22395 11105 63631 67735 0 0 0 0 0 0 0 0 0 0 0 0 0 0 0 0 0 0 0 0 0 0 0 0 0 0 0 0 0 0 0 0 0 0 0 0 0 0 0 0 0 0 0 0 0 0 0 0 0 0 0 0 0 0 0 0 0 0 0 0 0 0 0 0 0 0 0 0 0 0 0 0 0 0 0 0 0 0 0 0 0 0 0 0 0 0 0 0 0 0 0 0 0 0 0 0 0 0 0 0 0 0 149 44368 191376 7062 0 0 0 0 0 0 0 0 0 0 8342 138538 658509 14306 0
0 437 0 0 0 0 0 0 0 0 0 0 0 0 0 0 0 0 0 0 0 0 0 0 0 0 0 0 0 0 0 0 0 0 0 0 0 0 0 0 0 0 0 0 0 0 0 0 0 0 0 0 50247 194272 74853 9264 9750 255256 22968 0 0 0 0 0 0 0 0 0 0 0 0 0 0 0 0 0 0 0 0 0 0 0 0 0 0 0 0 0 0 0 0 0 0 0 0 0 0 0 0 0 0 0 0 0 0 0 0 0 0 0 0 0 0 0 0 0 0 0 0 0 0 0 0 0 0 0 0 0 0 0 0 0 0 0 0 0 0 0 0 0 0 0 0 0 0 0 0 0 0 0 0 0 0 0 0 0 0 0 0 0 0 0 2754 245610 1239 0 0 0 0 0 0 0 0 0 226 59416 466926 0 0 0
0 153 0 0 0 0 0 0 0 0 0 0 0 0 0 0 0 0 0 0 0 0 0 0 0 0 0 0 0 0 0 0 0 0 0 0 0 0 0 0 0 0 0 0 0 0 0 0 0 0 0 0 5802 45985 46699 91798 176628 587 0 0 0 0 0 0 0 0 0 0 0 0 0 0 0 0 0 0 0 0 0 0 0 0 0 0 0 0 0 0 0 0 0 0 0 0 0 0 0 0 0 0 0 0 0 0 0 0 0 0 0 0 0 0 0 0 0 0 0 0 0 0 0 0 0 0 0 0 0 0 0 0 0 0 0 0 0 0 0 0 0 0 0 0 0 0 0 0 0 0 0 0 0 0 0 0 0 0 0 0 0 0 0 0 0 0 0 0 0 0 0 0 0 0 0 4139 62111 202505 0 0 0 0
0 0 0 0 0 0 0 0 0 0 0 0 0 0 0 0 0 0 0 0 0 0 0 0 0 0 0 0 0 0 0 0 0 0 0 0 0 0 0 0 0 0 0 0 0 0 0 0 0 0 0 0 9705 17223 17198 77775 57382 3998 0 0 0 0 0 0 0 0 0 0 0 0 0 0 0 0 0 0 0 0 0 0 0 0 0 0 0 0 0 0 0 0 0 0 0 0 0 0 0 0 0 0 0 0 0 0 0 0 0 0 0 0 0 0 0 0 0 0 0 0 0 0 0 0 0 0 0 0 0 0 0 0 0 0 0 0 0 0 0 0 0 0 0 0 0 0 0 0 0 0 0 0 0 0 0 0 0 0 0 0 0 0 0 0 0 0 0 0 0 0 0 0 0 0 0 2903 95497 1263 0 0 0 0
0 0 0 0 0 0 0 0 0 0 0 0 0 0 0 0 0 0 0 0 0 0 0 0 0 0 0 0 0 0 0 0 0 0 0 0 0 0 0 0 0 0 0 0 0 0 0 0 0 0 0 0 7147 17354 24053 31433 18973 146 0 0 0 0 0 0 0 0 0 0 0 0 0 0 0 0 0 0 0 0 0 0 0 0 0 0 0 0 0 0 0 0 0 0 0 0 0 0 0 0 0 0 0 0 0 0 0 0 0 0 0 0 0 0 0 0 0 0 0 0 0 0 0 0 0 0 0 0 0 0 0 0 0 0 0 0 0 0 0 0 0 0 0 0 0 0 0 0 0 0 0 0 0 0 0 0 0 0 0 0 0 0 0 0 0 0 0 0 0 0 0 0 0 0 0 0 0 0 0 0 0 0
0 0 0 0 0 0 0 0 0 0 0 0 0 0 0 0 0 0 0 0 0 0 0 0 0 0 0 0 0 0 0 0 0 0 0 0 0 0 0 0 0 0 0 0 0 0 0 0 0 0 0 0 6086 26128 97811 43919 11 0 0 53 453 2111 0 0 0 0 0 0 0 0 0 0 0 0 0 0 0 0 0 0 0 0 0 0 0 0 0 0 0 0 0 0 0 0 0 0 0 0 0 0 0 0 0 0 0 0 0 0 0 0 0 0 0 0 0 0 0 0 0 0 0 0 0 0 0 0 0 0 0 0 0 0 0 0 0 0 0 0 0 0 0 0 0 0 0 0 0 0 0 0 0 0 0 0 0 0 0 0 0 0 0 0 0 0 0 0 0 0 0 0 0 0 0 0 0 0 0 0 0 0
0 0 0 0 0 0 0 0 0 0 0 0 0 0 0 0 0 0 0 0 0 0 0 0 0 0 0 0 0 0 0 0 0 0 0 0 0 0 0 0 0 0 0 0 0 0 0 0 0 0 0 0 7400 45151 55988 43637 7275 0 0 22 38 0 0 0 0 0 0 0 0 0 0 0 0 0 0 0 0 0 0 0 0 0 0 0 0 0 0 0 0 0 0 0 0 0 0 0 0 0 0 0 0 0 0 0 0 0 0 0 0 0 0 0 0 0 0 0 0 0 0 0 0 0 0 0 0 0 0 0 0 0 0 0 0 0 0 0 0 0 0 0 0 0 0 0 0 0 0 0 0 0 0 0 0 0 0 0 0 0 0 0 0 0 0 0 0 0 0 0 0 0 0 0 0 0 0 0 0 0 0 0
0 0 0 0 0 0 0 0 0 0 0 0 0 0 0 0 0 0 0 0 0 0 0 0 0 0 0 0 0 0 0 0 0 0 0 0 0 0 0 0 0 0 0 0 0 0 0 0 0 0 0 0 0 11423 20947 30757 81934 16827 684 0 0 0 0 0 0 0 0 0 0 0 0 0 0 0 0 0 0 0 0 0 0 0 0 0 0 0 0 0 0 0 0 0 0 0 0 0 0 0 0 0 0 0 0 0 0 0 0 0 0 0 0 0 0 0 0 0 0 0 0 0 0 0 0 0 0 0 0 0 0 0 0 0 0 0 0 0 0 0 0 0 0 0 0 0 0 0 0 0 0 0 0 0 0 0 0 0 0 0 0 0 0 0 0 0 0 0 0 0 0 0 0 0 0 0 0 0 0 0 0 0
0 0 0 0 0 0 0 0 0 0 0 0 0 0 0 0 0 0 0 0 0 0 0 0 0 0 0 0 0 0 0 0 0 0 0 0 0 0 0 0 0 0 0 0 0 0 0 0 0 0 0 0 0 0 0 0 0 0 0 0 0 0 0 0 0 0 0 0 0 0 0 0 0 0 0 0 0 0 0 0 0 0 0 0 0 0 0 0 0 0 0 0 0 0 0 0 0 0 0 0 0 0 0 0 0 0 0 0 0 0 0 0 0 0 0 0 0 0 0 0 0 0 0 0 0 0 0 0 0 0 0 0 0 0 0 0 0 0 0 0 0 0 0 0 0 0 0 0 0 0 0 0 0 0 0 0 0 0 0 0 0 0 0 0 0 0 0 0 0 0 0 0 0 0 0 0 0 0 0 0
0 0 0 0 0 0 0 0 0 0 0 0 0 0 0 0 0 0 0 0 0 0 0 0 0 0 0 0 0 0 0 0 0 0 0 0 0 0 0 0 0 0 0 0 0 0 0 0 0 0 0 0 0 0 0 0 0 0 0 0 0 0 0 0 0 0 0 0 0 0 0 0 0 0 0 0 0 0 0 0 0 0 0 0 0 0 0 0 0 0 0 0 0 0 0 0 0 0 0 0 0 0 0 0 0 0 0 0 0 0 0 0 0 0 0 0 0 0 0 0 0 0 0 0 0 0 0 0 0 0 0 0 0 0 0 0 0 0 0 0 0 0 0 0 0 0 0 0 0 0 0 0 0 0 0 0 0 0 0 0 0 0 0 0 0 0 0 0 0 0 0 0 0 0 0 0 0 0 0 0
0 0 0 0 0 0 0 0 0 0 0 0 0 0 0 0 0 0 0 0 0 0 0 0 0 0 0 0 0 0 0 0 0 0 0 0 0 0 0 0 0 0 0 0 0 0 0 0 0 0 0 0 0 0 0 0 0 0 0 0 0 0 0 0 0 0 0 0 0 0 0 0 0 0 0 0 0 0 0 0 0 0 0 0 0 0 0 0 0 0 0 0 0 0 0 0 0 0 0 0 0 0 0 0 0 0 0 0 0 0 0 0 0 0 0 0 0 0 0 0 0 0 0 0 0 0 0 0 0 0 0 0 0 0 0 0 0 0 0 0 0 0 0 0 0 0 0 0 0 0 0 0 0 0 0 0 0 0 0 0 0 0 0 0 0 0 0 0 0 0 0 0 0 0 0 0 0 0 0 0
0 0 0 0 0 0 0 0 0 0 0 0 0 0 0 0 0 0 0 0 0 0 0 0 0 0 0 0 0 0 0 0 0 0 0 0 0 0 0 0 0 0 0 0 0 0 0 0 0 0 0 0 0 0 0 0 0 0 0 0 0 0 0 0 0 0 0 0 0 0 0 0 0 0 0 0 0 0 0 0 0 0 0 0 0 0 0 0 0 0 0 0 0 0 0 0 0 0 0 0 0 0 0 0 0 0 0 0 0 0 0 0 0 0 0 0 0 0 0 0 0 0 0 0 0 0 0 0 0 0 0 0 0 0 0 0 0 0 0 0 0 0 0 0 0 0 0 0 0 0 0 0 0 0 0 0 0 0 0 0 0 0 0 0 0 0 0 0 0 0 0 0 0 0 0 0 0 0 0 0
0 0 0 0 0 0 0 0 0 0 0 0 0 0 0 0 0 0 0 0 0 0 0 0 0 0 0 0 0 0 0 0 0 0 0 0 0 0 0 0 0 0 0 0 0 0 0 0 0 0 0 0 0 0 0 0 0 0 0 0 0 0 0 0 0 0 0 0 0 0 0 0 0 0 0 0 0 0 0 0 0 0 0 0 0 0 0 0 0 0 0 0 0 0 0 0 0 0 0 0 0 0 0 0 0 0 0 0 0 0 0 0 0 0 0 0 0 0 0 0 0 0 0 0 0 0 0 0 0 0 0 0 0 0 0 0 0 0 0 0 0 0 0 0 0 0 0 0 0 0 0 0 0 0 0 0 0 0 0 0 0 0 0 0 0 0 0 0 0 0 0 0 0 0 0 0 0 0 0 0
0 0 0 0 0 0 0 0 0 0 0 0 0 0 0 0 0 0 0 0 0 0 0 0 0 0 0 0 0 0 0 0 0 0 0 0 0 0 0 0 0 0 0 0 0 0 0 0 0 0 0 0 0 0 0 0 0 0 0 0 0 0 0 0 0 0 0 0 0 0 0 0 0 0 0 0 0 0 0 0 0 0 0 0 0 0 0 0 0 0 0 0 0 0 0 0 0 0 0 0 0 0 0 0 0 0 0 0 0 0 0 0 0 0 0 0 0 0 0 0 0 0 0 0 0 0 0 0 0 0 0 0 0 0 0 0 0 0 0 0 0 0 0 0 0 0 0 0 0 0 0 0 0 0 0 0 0 0 0 0 0 0 0 0 0 0 0 0 0 0 0 0 0 0 0 0 0 0 0 0
0 0 0 0 0 0 0 0 0 0 0 0 0 0 0 0 0 0 0 0 0 0 0 0 0 0 0 0 0 0 0 0 0 0 0 0 0 0 0 0 0 0 0 0 0 0 0 0 0 0 0 0 0 0 0 0 0 0 0 0 0 0 0 0 0 0 0 0 0 0 0 0 0 0 0 0 0 0 0 0 0 0 0 0 0 0 0 0 0 0 0 0 0 0 0 0 0 0 0 0 0 0 0 0 0 0 0 0 0 0 0 0 0 0 0 0 0 0 0 0 0 0 0 0 0 0 0 0 0 0 0 0 0 0 0 0 0 0 0 0 0 0 0 0 0 0 0 0 0 0 0 0 0 0 0 0 0 0 0 0 0 0 0 0 0 0 0 0 0 0 0 0 0 0 0 0 0 0 0 0
0 0 0 0 0 0 0 0 0 0 0 0 0 0 0 0 0 0 0 0 0 0 0 0 0 0 0 0 0 0 0 0 0 0 0 0 0 0 0 0 0 0 0 0 0 0 0 0 0 0 0 0 0 0 0 0 0 0 0 0 0 0 0 0 0 0 0 0 0 0 0 0 0 0 0 0 0 0 0 0 0 0 0 0 0 0 0 0 0 0 0 0 0 0 0 0 0 0 0 0 0 0 0 0 0 0 0 0 0 0 0 0 0 0 0 0 0 0 0 0 0 0 0 0 0 0 0 0 0 0 0 0 0 0 0 0 0 0 0 0 0 0 0 0 0 0 0 0 0 0 0 0 0 0 0 0 0 0 0 0 0 0 0 0 0 0 0 0 0 0 0 0 0 0 0 0 0 0 0 0
0 0 0 0 0 0 0 0 0 0 0 0 0 0 0 0 0 0 0 0 0 0 0 0 0 0 0 0 0 0 0 0 0 0 0 0 0 0 0 0 0 0 0 0 0 0 0 0 0 0 0 0 0 0 0 0 0 0 0 0 0 0 0 0 0 0 0 0 0 0 0 0 0 0 0 0 0 0 0 0 0 0 0 0 0 0 0 0 0 0 0 0 0 0 0 0 0 0 0 0 0 0 0 0 0 0 0 0 0 0 0 0 0 0 0 0 0 0 0 0 0 0 0 0 0 0 0 0 0 0 0 0 0 0 0 0 0 0 0 0 0 0 0 0 0 0 0 0 0 0 0 0 0 0 0 0 0 0 0 0 0 0 0 0 0 0 0 0 0 0 0 0 0 0 0 0 0 0 0 0
0 0 0 0 0 0 0 0 0 0 0 0 0 0 0 0 0 0 0 0 0 0 0 0 0 0 0 0 0 0 0 0 0 0 0 0 0 0 0 0 0 0 0 0 0 0 0 0 0 0 0 0 0 0 0 0 0 0 0 0 0 0 0 0 0 0 0 0 0 0 0 0 0 0 0 0 0 0 0 0 0 0 0 0 0 0 0 0 0 0 0 0 0 0 0 0 0 0 0 0 0 0 0 0 0 0 0 0 0 0 0 0 0 0 0 0 0 0 0 0 0 0 0 0 0 0 0 0 0 0 0 0 0 0 0 0 0 0 0 0 0 0 0 0 0 0 0 0 0 0 0 0 0 0 0 0 0 0 0 0 0 0 0 0 0 0 0 0 0 0 0 0 0 0 0 0 0 0 0 0
0 0 0 0 0 0 0 0 0 0 0 0 0 0 0 0 0 0 0 0 0 0 0 0 0 0 0 0 0 0 0 0 0 0 0 0 0 0 0 0 0 0 0 0 0 0 0 0 0 0 0 0 0 0 0 0 0 0 0 0 0 0 0 0 0 0 0 0 0 0 0 0 0 0 0 0 0 0 0 0 0 0 0 0 0 0 0 0 0 0 0 0 0 0 0 0 0 0 0 0 0 0 0 0 0 0 0 0 0 0 0 0 0 0 0 0 0 0 0 0 0 0 0 0 0 0 0 0 0 0 0 0 0 0 0 0 0 0 0 0 0 0 0 0 0 0 0 0 0 0 0 0 0 0 0 0 0 0 0 0 0 0 0 0 0 0 0 0 0 0 0 0 0 0 0 0 0 0 0 0
0 0 0 0 0 0 0 0 0 0 0 0 0 0 0 0 0 0 0 0 0 0 0 0 0 0 0 0 0 0 0 0 0 0 0 0 0 0 0 0 0 0 0 0 0 0 0 0 0 0 0 0 0 0 0 0 0 0 0 0 0 0 0 0 0 0 0 0 0 0 0 0 0 0 0 0 0 0 0 0 0 0 0 0 0 0 0 0 0 0 0 0 0 0 0 0 0 0 0 0 0 0 0 0 0 0 0 0 0 0 0 0 0 0 0 0 0 0 0 0 0 0 0 0 0 0 0 0 0 0 0 0 0 0 0 0 0 0 0 0 0 0 0 0 0 0 0 0 0 0 0 0 0 0 0 0 0 0 0 0 0 0 0 0 0 0 0 0 0 0 0 0 0 0 0 0 0 0 0 0
0 0 0 0 0 0 0 0 0 0 0 0 0 0 0 0 0 0 0 0 0 0 0 0 0 0 0 0 0 0 0 0 0 0 0 0 0 0 0 0 0 0 0 0 0 0 0 0 0 0 0 0 0 0 0 0 0 0 0 0 0 0 0 0 0 0 0 0 0 0 0 0 0 0 0 0 0 0 0 0 0 0 0 0 0 0 0 0 0 0 0 0 0 0 0 0 0 0 0 0 0 0 0 0 0 0 0 0 0 0 0 0 0 0 0 0 0 0 0 0 0 0 0 0 0 0 0 0 0 0 0 0 0 0 0 0 0 0 0 0 0 0 0 0 0 0 0 0 0 0 0 0 0 0 0 0 0 0 0 0 0 0 0 0 0 0 0 0 0 0 0 0 0 0 0 0 0 0 0 0
0 0 0 0 0 0 0 0 0 0 0 0 0 0 0 0 0 0 0 0 0 0 0 0 0 0 0 0 0 0 0 0 0 0 0 0 0 0 0 0 0 0 0 0 0 0 0 0 0 0 0 0 0 0 0 0 0 0 0 0 0 0 0 0 0 0 0 0 0 0 0 0 0 0 0 0 0 0 0 0 0 0 0 0 0 0 0 0 0 0 0 0 0 0 0 0 0 0 0 0 0 0 0 0 0 0 0 0 0 0 0 0 0 0 0 0 0 0 0 0 0 0 0 0 0 0 0 0 0 0 0 0 0 0 0 0 0 0 0 0 0 0 0 0 0 0 0 0 0 0 0 0 0 0 0 0 0 0 0 0 0 0 0 0 0 0 0 0 0 0 0 0 0 0 0 0 0 0 0 0
0 0 0 0 0 0 0 0 0 0 0 0 0 0 0 0 0 0 0 0 0 0 0 0 0 0 0 0 0 0 0 0 0 0 0 0 0 0 0 0 0 0 0 0 0 0 0 0 0 0 0 0 0 0 0 0 0 0 0 0 0 0 0 0 0 0 0 0 0 0 0 0 0 0 0 0 0 0 0 0 0 0 0 0 0 0 0 0 0 0 0 0 0 0 0 0 0 0 0 0 0 0 0 0 0 0 0 0 0 0 0 0 0 0 0 0 0 0 0 0 0 0 0 0 0 0 0 0 0 0 0 0 0 0 0 0 0 0 0 0 0 0 0 0 0 0 0 0 0 0 0 0 0 0 0 0 0 0 0 0 0 0 0 0 0 0 0 0 0 0 0 0 0 0 0 0 0 0 0 0
0 0 0 0 0 0 0 0 0 0 0 0 0 0 0 0 0 0 0 0 0 0 0 0 0 0 0 0 0 0 0 0 0 0 0 0 0 0 0 0 0 0 0 0 0 0 0 0 0 0 0 0 0 0 0 0 0 0 0 0 0 0 0 0 0 0 0 0 0 0 0 0 0 0 0 0 0 0 0 0 0 0 0 0 0 0 0 0 0 0 0 0 0 0 0 0 0 0 0 0 0 0 0 0 0 0 0 0 0 0 0 0 0 0 0 0 0 0 0 0 0 0 0 0 0 0 0 0 0 0 0 0 0 0 0 0 0 0 0 0 0 0 0 0 0 0 0 0 0 0 0 0 0 0 0 0 0 0 0 0 0 0 0 0 0 0 0 0 0 0 0 0 0 0 0 0 0 0 0 0
0 0 0 0 0 0 0 0 0 0 0 0 0 0 0 0 0 0 0 0 0 0 0 0 0 0 0 0 0 0 0 0 0 0 0 0 0 0 0 0 0 0 0 0 0 0 0 0 0 0 0 0 0 0 0 0 0 0 0 0 0 0 0 0 0 0 0 0 0 0 0 0 0 0 0 0 0 0 0 0 0 0 0 0 0 0 0 0 0 0 0 0 0 0 0 0 0 0 0 0 0 0 0 0 0 0 0 0 0 0 0 0 0 0 0 0 0 0 0 0 0 0 0 0 0 0 0 0 0 0 0 0 0 0 0 0 0 0 0 0 0 0 0 0 0 0 0 0 0 0 0 0 0 0 0 0 0 0 0 0 0 0 0 0 0 0 0 0 0 0 0 0 0 0 0 0 0 0 0 0
